{
 "cells": [
  {
   "cell_type": "code",
   "execution_count": 41,
   "metadata": {},
   "outputs": [],
   "source": [
    "import pandas as pd \n",
    "import numpy as np\n",
    "import seaborn as sns\n",
    "import matplotlib.pyplot as plt\n",
    "import plotly.express as px\n",
    "\n",
    "pd.set_option('display.max_columns', None)\n",
    "pd.set_option('display.max_rows', None)"
   ]
  },
  {
   "cell_type": "markdown",
   "metadata": {},
   "source": [
    "## Vragen\n",
    "\n",
    "1. Noem een voorbeeld uit de praktijk waarin jullie algoritme wordt gebruikt.\n",
    "Het Random forest model wordt gebruikt in de Finaciele sector voor fraudedetecite. Het kan patronen identificeren die wijzen op verdachte activiteiten, zoals ongebruikelijke transacties of creditcardfraude. \n",
    "\n",
    "2. Hoe werkt het algoritme conceptueel? Wat zijn de belangrijkste stappen?\n",
    "- Bootstrapping:\n",
    "Maakt willekeurige subsets van de trainingsgegevens door exemplaren met vervanging te selecteren.\n",
    "- Kenmerkselectie:\n",
    "Selecteerd willekeurige kenmerken bij elke knoop in elke boom om overfitting te verminderen.\n",
    "- Opbouwen van Beslissingsbomen:\n",
    "Trained beslissingsbomen op de subsets van gegevens en kenmerken.\n",
    "- Voorspellingen van Elke Boom:\n",
    "Gebruikt elke boom om voorspellingen te doen op nieuwe gegevens.\n",
    "- Aggregatie van Voorspellingen:\n",
    "Combineert de voorspellingen van alle bomen om de uiteindelijke voorspelling van het Random Forest te verkrijgen, bijvoorbeeld door het nemen van gemiddelden (voor regressie) of meerderheid (voor classificatie).\n",
    "\n",
    "3. Wat zijn de voor- en nadelen van jullie algoritme? In welke situaties werkt het heel\n",
    "goed en wanneer juist niet?\n",
    "\n",
    "Voordelen:\n",
    "- Random Forest heeft vaak een hoge voorspellende nauwkeurigheid, zelfs zonder veel afstemming van hyperparameters.\n",
    "- Door het gebruik van meerdere bomen en bootstrapping is Random Forest robuust tegen overfitting, overfitting gebeurt snel bij kleine datasets, wat bij ons het geval is.\n",
    "\n",
    "Nadelen:\n",
    "- Het maken van voorspellingen kan relatief lang duren, vooral bij grote aantallen bomen en kenmerken.\n",
    "\n",
    "Wanneer werkt Random forest wel goed:\n",
    "- Random Forest presteert goed bij complexe taken waarin er veel interacties en niet-lineaire relaties tussen kenmerken zijn.\n",
    "\n",
    "Wanneer werkt Random forest niet goed:\n",
    "- Als snelle voorspellingen cruciaal zijn, kan Random Forest minder geschikt zijn vanwege de aggregatie van resultaten over meerdere bomen.\n"
   ]
  },
  {
   "cell_type": "code",
   "execution_count": 76,
   "metadata": {},
   "outputs": [],
   "source": [
    "data = pd.read_csv('./data/classification/data.csv')"
   ]
  },
  {
   "cell_type": "markdown",
   "metadata": {},
   "source": [
    "## Verkenende analyse"
   ]
  },
  {
   "cell_type": "code",
   "execution_count": 77,
   "metadata": {},
   "outputs": [
    {
     "data": {
      "text/html": [
       "<div>\n",
       "<style scoped>\n",
       "    .dataframe tbody tr th:only-of-type {\n",
       "        vertical-align: middle;\n",
       "    }\n",
       "\n",
       "    .dataframe tbody tr th {\n",
       "        vertical-align: top;\n",
       "    }\n",
       "\n",
       "    .dataframe thead th {\n",
       "        text-align: right;\n",
       "    }\n",
       "</style>\n",
       "<table border=\"1\" class=\"dataframe\">\n",
       "  <thead>\n",
       "    <tr style=\"text-align: right;\">\n",
       "      <th></th>\n",
       "      <th>id</th>\n",
       "      <th>diagnosis</th>\n",
       "      <th>radius_mean</th>\n",
       "      <th>texture_mean</th>\n",
       "      <th>perimeter_mean</th>\n",
       "      <th>area_mean</th>\n",
       "      <th>smoothness_mean</th>\n",
       "      <th>compactness_mean</th>\n",
       "      <th>concavity_mean</th>\n",
       "      <th>concave points_mean</th>\n",
       "      <th>symmetry_mean</th>\n",
       "      <th>fractal_dimension_mean</th>\n",
       "      <th>radius_se</th>\n",
       "      <th>texture_se</th>\n",
       "      <th>perimeter_se</th>\n",
       "      <th>area_se</th>\n",
       "      <th>smoothness_se</th>\n",
       "      <th>compactness_se</th>\n",
       "      <th>concavity_se</th>\n",
       "      <th>concave points_se</th>\n",
       "      <th>symmetry_se</th>\n",
       "      <th>fractal_dimension_se</th>\n",
       "      <th>radius_worst</th>\n",
       "      <th>texture_worst</th>\n",
       "      <th>perimeter_worst</th>\n",
       "      <th>area_worst</th>\n",
       "      <th>smoothness_worst</th>\n",
       "      <th>compactness_worst</th>\n",
       "      <th>concavity_worst</th>\n",
       "      <th>concave points_worst</th>\n",
       "      <th>symmetry_worst</th>\n",
       "      <th>fractal_dimension_worst</th>\n",
       "      <th>Unnamed: 32</th>\n",
       "    </tr>\n",
       "  </thead>\n",
       "  <tbody>\n",
       "    <tr>\n",
       "      <th>0</th>\n",
       "      <td>842302</td>\n",
       "      <td>M</td>\n",
       "      <td>17.99</td>\n",
       "      <td>10.38</td>\n",
       "      <td>122.80</td>\n",
       "      <td>1001.0</td>\n",
       "      <td>0.11840</td>\n",
       "      <td>0.27760</td>\n",
       "      <td>0.3001</td>\n",
       "      <td>0.14710</td>\n",
       "      <td>0.2419</td>\n",
       "      <td>0.07871</td>\n",
       "      <td>1.0950</td>\n",
       "      <td>0.9053</td>\n",
       "      <td>8.589</td>\n",
       "      <td>153.40</td>\n",
       "      <td>0.006399</td>\n",
       "      <td>0.04904</td>\n",
       "      <td>0.05373</td>\n",
       "      <td>0.01587</td>\n",
       "      <td>0.03003</td>\n",
       "      <td>0.006193</td>\n",
       "      <td>25.38</td>\n",
       "      <td>17.33</td>\n",
       "      <td>184.60</td>\n",
       "      <td>2019.0</td>\n",
       "      <td>0.1622</td>\n",
       "      <td>0.6656</td>\n",
       "      <td>0.7119</td>\n",
       "      <td>0.2654</td>\n",
       "      <td>0.4601</td>\n",
       "      <td>0.11890</td>\n",
       "      <td>NaN</td>\n",
       "    </tr>\n",
       "    <tr>\n",
       "      <th>1</th>\n",
       "      <td>842517</td>\n",
       "      <td>M</td>\n",
       "      <td>20.57</td>\n",
       "      <td>17.77</td>\n",
       "      <td>132.90</td>\n",
       "      <td>1326.0</td>\n",
       "      <td>0.08474</td>\n",
       "      <td>0.07864</td>\n",
       "      <td>0.0869</td>\n",
       "      <td>0.07017</td>\n",
       "      <td>0.1812</td>\n",
       "      <td>0.05667</td>\n",
       "      <td>0.5435</td>\n",
       "      <td>0.7339</td>\n",
       "      <td>3.398</td>\n",
       "      <td>74.08</td>\n",
       "      <td>0.005225</td>\n",
       "      <td>0.01308</td>\n",
       "      <td>0.01860</td>\n",
       "      <td>0.01340</td>\n",
       "      <td>0.01389</td>\n",
       "      <td>0.003532</td>\n",
       "      <td>24.99</td>\n",
       "      <td>23.41</td>\n",
       "      <td>158.80</td>\n",
       "      <td>1956.0</td>\n",
       "      <td>0.1238</td>\n",
       "      <td>0.1866</td>\n",
       "      <td>0.2416</td>\n",
       "      <td>0.1860</td>\n",
       "      <td>0.2750</td>\n",
       "      <td>0.08902</td>\n",
       "      <td>NaN</td>\n",
       "    </tr>\n",
       "    <tr>\n",
       "      <th>2</th>\n",
       "      <td>84300903</td>\n",
       "      <td>M</td>\n",
       "      <td>19.69</td>\n",
       "      <td>21.25</td>\n",
       "      <td>130.00</td>\n",
       "      <td>1203.0</td>\n",
       "      <td>0.10960</td>\n",
       "      <td>0.15990</td>\n",
       "      <td>0.1974</td>\n",
       "      <td>0.12790</td>\n",
       "      <td>0.2069</td>\n",
       "      <td>0.05999</td>\n",
       "      <td>0.7456</td>\n",
       "      <td>0.7869</td>\n",
       "      <td>4.585</td>\n",
       "      <td>94.03</td>\n",
       "      <td>0.006150</td>\n",
       "      <td>0.04006</td>\n",
       "      <td>0.03832</td>\n",
       "      <td>0.02058</td>\n",
       "      <td>0.02250</td>\n",
       "      <td>0.004571</td>\n",
       "      <td>23.57</td>\n",
       "      <td>25.53</td>\n",
       "      <td>152.50</td>\n",
       "      <td>1709.0</td>\n",
       "      <td>0.1444</td>\n",
       "      <td>0.4245</td>\n",
       "      <td>0.4504</td>\n",
       "      <td>0.2430</td>\n",
       "      <td>0.3613</td>\n",
       "      <td>0.08758</td>\n",
       "      <td>NaN</td>\n",
       "    </tr>\n",
       "    <tr>\n",
       "      <th>3</th>\n",
       "      <td>84348301</td>\n",
       "      <td>M</td>\n",
       "      <td>11.42</td>\n",
       "      <td>20.38</td>\n",
       "      <td>77.58</td>\n",
       "      <td>386.1</td>\n",
       "      <td>0.14250</td>\n",
       "      <td>0.28390</td>\n",
       "      <td>0.2414</td>\n",
       "      <td>0.10520</td>\n",
       "      <td>0.2597</td>\n",
       "      <td>0.09744</td>\n",
       "      <td>0.4956</td>\n",
       "      <td>1.1560</td>\n",
       "      <td>3.445</td>\n",
       "      <td>27.23</td>\n",
       "      <td>0.009110</td>\n",
       "      <td>0.07458</td>\n",
       "      <td>0.05661</td>\n",
       "      <td>0.01867</td>\n",
       "      <td>0.05963</td>\n",
       "      <td>0.009208</td>\n",
       "      <td>14.91</td>\n",
       "      <td>26.50</td>\n",
       "      <td>98.87</td>\n",
       "      <td>567.7</td>\n",
       "      <td>0.2098</td>\n",
       "      <td>0.8663</td>\n",
       "      <td>0.6869</td>\n",
       "      <td>0.2575</td>\n",
       "      <td>0.6638</td>\n",
       "      <td>0.17300</td>\n",
       "      <td>NaN</td>\n",
       "    </tr>\n",
       "    <tr>\n",
       "      <th>4</th>\n",
       "      <td>84358402</td>\n",
       "      <td>M</td>\n",
       "      <td>20.29</td>\n",
       "      <td>14.34</td>\n",
       "      <td>135.10</td>\n",
       "      <td>1297.0</td>\n",
       "      <td>0.10030</td>\n",
       "      <td>0.13280</td>\n",
       "      <td>0.1980</td>\n",
       "      <td>0.10430</td>\n",
       "      <td>0.1809</td>\n",
       "      <td>0.05883</td>\n",
       "      <td>0.7572</td>\n",
       "      <td>0.7813</td>\n",
       "      <td>5.438</td>\n",
       "      <td>94.44</td>\n",
       "      <td>0.011490</td>\n",
       "      <td>0.02461</td>\n",
       "      <td>0.05688</td>\n",
       "      <td>0.01885</td>\n",
       "      <td>0.01756</td>\n",
       "      <td>0.005115</td>\n",
       "      <td>22.54</td>\n",
       "      <td>16.67</td>\n",
       "      <td>152.20</td>\n",
       "      <td>1575.0</td>\n",
       "      <td>0.1374</td>\n",
       "      <td>0.2050</td>\n",
       "      <td>0.4000</td>\n",
       "      <td>0.1625</td>\n",
       "      <td>0.2364</td>\n",
       "      <td>0.07678</td>\n",
       "      <td>NaN</td>\n",
       "    </tr>\n",
       "  </tbody>\n",
       "</table>\n",
       "</div>"
      ],
      "text/plain": [
       "         id diagnosis  radius_mean  texture_mean  perimeter_mean  area_mean  \\\n",
       "0    842302         M        17.99         10.38          122.80     1001.0   \n",
       "1    842517         M        20.57         17.77          132.90     1326.0   \n",
       "2  84300903         M        19.69         21.25          130.00     1203.0   \n",
       "3  84348301         M        11.42         20.38           77.58      386.1   \n",
       "4  84358402         M        20.29         14.34          135.10     1297.0   \n",
       "\n",
       "   smoothness_mean  compactness_mean  concavity_mean  concave points_mean  \\\n",
       "0          0.11840           0.27760          0.3001              0.14710   \n",
       "1          0.08474           0.07864          0.0869              0.07017   \n",
       "2          0.10960           0.15990          0.1974              0.12790   \n",
       "3          0.14250           0.28390          0.2414              0.10520   \n",
       "4          0.10030           0.13280          0.1980              0.10430   \n",
       "\n",
       "   symmetry_mean  fractal_dimension_mean  radius_se  texture_se  perimeter_se  \\\n",
       "0         0.2419                 0.07871     1.0950      0.9053         8.589   \n",
       "1         0.1812                 0.05667     0.5435      0.7339         3.398   \n",
       "2         0.2069                 0.05999     0.7456      0.7869         4.585   \n",
       "3         0.2597                 0.09744     0.4956      1.1560         3.445   \n",
       "4         0.1809                 0.05883     0.7572      0.7813         5.438   \n",
       "\n",
       "   area_se  smoothness_se  compactness_se  concavity_se  concave points_se  \\\n",
       "0   153.40       0.006399         0.04904       0.05373            0.01587   \n",
       "1    74.08       0.005225         0.01308       0.01860            0.01340   \n",
       "2    94.03       0.006150         0.04006       0.03832            0.02058   \n",
       "3    27.23       0.009110         0.07458       0.05661            0.01867   \n",
       "4    94.44       0.011490         0.02461       0.05688            0.01885   \n",
       "\n",
       "   symmetry_se  fractal_dimension_se  radius_worst  texture_worst  \\\n",
       "0      0.03003              0.006193         25.38          17.33   \n",
       "1      0.01389              0.003532         24.99          23.41   \n",
       "2      0.02250              0.004571         23.57          25.53   \n",
       "3      0.05963              0.009208         14.91          26.50   \n",
       "4      0.01756              0.005115         22.54          16.67   \n",
       "\n",
       "   perimeter_worst  area_worst  smoothness_worst  compactness_worst  \\\n",
       "0           184.60      2019.0            0.1622             0.6656   \n",
       "1           158.80      1956.0            0.1238             0.1866   \n",
       "2           152.50      1709.0            0.1444             0.4245   \n",
       "3            98.87       567.7            0.2098             0.8663   \n",
       "4           152.20      1575.0            0.1374             0.2050   \n",
       "\n",
       "   concavity_worst  concave points_worst  symmetry_worst  \\\n",
       "0           0.7119                0.2654          0.4601   \n",
       "1           0.2416                0.1860          0.2750   \n",
       "2           0.4504                0.2430          0.3613   \n",
       "3           0.6869                0.2575          0.6638   \n",
       "4           0.4000                0.1625          0.2364   \n",
       "\n",
       "   fractal_dimension_worst  Unnamed: 32  \n",
       "0                  0.11890          NaN  \n",
       "1                  0.08902          NaN  \n",
       "2                  0.08758          NaN  \n",
       "3                  0.17300          NaN  \n",
       "4                  0.07678          NaN  "
      ]
     },
     "execution_count": 77,
     "metadata": {},
     "output_type": "execute_result"
    }
   ],
   "source": [
    "# Hier word gekeken hoe het dataframe eruit ziet\n",
    "data.head()"
   ]
  },
  {
   "cell_type": "code",
   "execution_count": 78,
   "metadata": {},
   "outputs": [
    {
     "data": {
      "text/plain": [
       "Index(['id', 'diagnosis', 'radius_mean', 'texture_mean', 'perimeter_mean',\n",
       "       'area_mean', 'smoothness_mean', 'compactness_mean', 'concavity_mean',\n",
       "       'concave points_mean', 'symmetry_mean', 'fractal_dimension_mean',\n",
       "       'radius_se', 'texture_se', 'perimeter_se', 'area_se', 'smoothness_se',\n",
       "       'compactness_se', 'concavity_se', 'concave points_se', 'symmetry_se',\n",
       "       'fractal_dimension_se', 'radius_worst', 'texture_worst',\n",
       "       'perimeter_worst', 'area_worst', 'smoothness_worst',\n",
       "       'compactness_worst', 'concavity_worst', 'concave points_worst',\n",
       "       'symmetry_worst', 'fractal_dimension_worst', 'Unnamed: 32'],\n",
       "      dtype='object')"
      ]
     },
     "execution_count": 78,
     "metadata": {},
     "output_type": "execute_result"
    }
   ],
   "source": [
    "# Hier wordt gekeken welke kolommen er allemaal in de dataframe staan\n",
    "data.columns"
   ]
  },
  {
   "cell_type": "code",
   "execution_count": 79,
   "metadata": {},
   "outputs": [
    {
     "name": "stdout",
     "output_type": "stream",
     "text": [
      "<class 'pandas.core.frame.DataFrame'>\n",
      "RangeIndex: 569 entries, 0 to 568\n",
      "Data columns (total 33 columns):\n",
      " #   Column                   Non-Null Count  Dtype  \n",
      "---  ------                   --------------  -----  \n",
      " 0   id                       569 non-null    int64  \n",
      " 1   diagnosis                569 non-null    object \n",
      " 2   radius_mean              569 non-null    float64\n",
      " 3   texture_mean             569 non-null    float64\n",
      " 4   perimeter_mean           569 non-null    float64\n",
      " 5   area_mean                569 non-null    float64\n",
      " 6   smoothness_mean          569 non-null    float64\n",
      " 7   compactness_mean         569 non-null    float64\n",
      " 8   concavity_mean           569 non-null    float64\n",
      " 9   concave points_mean      569 non-null    float64\n",
      " 10  symmetry_mean            569 non-null    float64\n",
      " 11  fractal_dimension_mean   569 non-null    float64\n",
      " 12  radius_se                569 non-null    float64\n",
      " 13  texture_se               569 non-null    float64\n",
      " 14  perimeter_se             569 non-null    float64\n",
      " 15  area_se                  569 non-null    float64\n",
      " 16  smoothness_se            569 non-null    float64\n",
      " 17  compactness_se           569 non-null    float64\n",
      " 18  concavity_se             569 non-null    float64\n",
      " 19  concave points_se        569 non-null    float64\n",
      " 20  symmetry_se              569 non-null    float64\n",
      " 21  fractal_dimension_se     569 non-null    float64\n",
      " 22  radius_worst             569 non-null    float64\n",
      " 23  texture_worst            569 non-null    float64\n",
      " 24  perimeter_worst          569 non-null    float64\n",
      " 25  area_worst               569 non-null    float64\n",
      " 26  smoothness_worst         569 non-null    float64\n",
      " 27  compactness_worst        569 non-null    float64\n",
      " 28  concavity_worst          569 non-null    float64\n",
      " 29  concave points_worst     569 non-null    float64\n",
      " 30  symmetry_worst           569 non-null    float64\n",
      " 31  fractal_dimension_worst  569 non-null    float64\n",
      " 32  Unnamed: 32              0 non-null      float64\n",
      "dtypes: float64(31), int64(1), object(1)\n",
      "memory usage: 146.8+ KB\n"
     ]
    }
   ],
   "source": [
    "# Wat is het type van de data in het dataframe?\n",
    "# Als het dataframe een kolom heeft met veel Nan waarden of missing values dan kan deze kolom gedropt worden of dan moeten deze waarden ingevuld worden.\n",
    "data.info()"
   ]
  },
  {
   "cell_type": "code",
   "execution_count": 80,
   "metadata": {},
   "outputs": [
    {
     "data": {
      "text/plain": [
       "id                           0\n",
       "diagnosis                    0\n",
       "radius_mean                  0\n",
       "texture_mean                 0\n",
       "perimeter_mean               0\n",
       "area_mean                    0\n",
       "smoothness_mean              0\n",
       "compactness_mean             0\n",
       "concavity_mean               0\n",
       "concave points_mean          0\n",
       "symmetry_mean                0\n",
       "fractal_dimension_mean       0\n",
       "radius_se                    0\n",
       "texture_se                   0\n",
       "perimeter_se                 0\n",
       "area_se                      0\n",
       "smoothness_se                0\n",
       "compactness_se               0\n",
       "concavity_se                 0\n",
       "concave points_se            0\n",
       "symmetry_se                  0\n",
       "fractal_dimension_se         0\n",
       "radius_worst                 0\n",
       "texture_worst                0\n",
       "perimeter_worst              0\n",
       "area_worst                   0\n",
       "smoothness_worst             0\n",
       "compactness_worst            0\n",
       "concavity_worst              0\n",
       "concave points_worst         0\n",
       "symmetry_worst               0\n",
       "fractal_dimension_worst      0\n",
       "Unnamed: 32                569\n",
       "dtype: int64"
      ]
     },
     "execution_count": 80,
     "metadata": {},
     "output_type": "execute_result"
    }
   ],
   "source": [
    "# Zitten er nan values in het dataframe?\n",
    "data.isna().sum()"
   ]
  },
  {
   "cell_type": "code",
   "execution_count": 81,
   "metadata": {},
   "outputs": [],
   "source": [
    "# Unnamed 32 is een kolom met alleen maar nan waardes, deze is dus niet nodig\n",
    "data.drop(columns = ['Unnamed: 32', 'id'], inplace= True)\n"
   ]
  },
  {
   "cell_type": "code",
   "execution_count": 82,
   "metadata": {},
   "outputs": [
    {
     "name": "stdout",
     "output_type": "stream",
     "text": [
      "diagnosis\n",
      "B    357\n",
      "M    212\n",
      "Name: count, dtype: int64\n"
     ]
    },
    {
     "data": {
      "text/plain": [
       "diagnosis\n",
       "B    0.627417\n",
       "M    0.372583\n",
       "Name: proportion, dtype: float64"
      ]
     },
     "execution_count": 82,
     "metadata": {},
     "output_type": "execute_result"
    }
   ],
   "source": [
    "# M = malignant (kwaadaardig) B = begnin (goedaardig)\n",
    "# Wat is ongeveer de verhoding van goedaardig en kwaadaardig\n",
    "print(data.diagnosis.value_counts())\n",
    "data.diagnosis.value_counts(normalize = True)"
   ]
  },
  {
   "cell_type": "code",
   "execution_count": 83,
   "metadata": {},
   "outputs": [],
   "source": [
    "# voor machine learning moet alles een numerieke waarde zijn, dus kwaadaardig = 1 goedaardig  = 0\n",
    "data['diagnosis'] = data['diagnosis'].replace({'M': 1, 'B': 0})"
   ]
  },
  {
   "cell_type": "code",
   "execution_count": 84,
   "metadata": {},
   "outputs": [],
   "source": [
    "# De correlatie maken tussen de verschillende kolommen\n",
    "corr = data.corr()"
   ]
  },
  {
   "cell_type": "code",
   "execution_count": 85,
   "metadata": {},
   "outputs": [
    {
     "data": {
      "text/plain": [
       "diagnosis                  1.000000\n",
       "concave points_worst       0.793566\n",
       "perimeter_worst            0.782914\n",
       "concave points_mean        0.776614\n",
       "radius_worst               0.776454\n",
       "perimeter_mean             0.742636\n",
       "area_worst                 0.733825\n",
       "radius_mean                0.730029\n",
       "area_mean                  0.708984\n",
       "concavity_mean             0.696360\n",
       "concavity_worst            0.659610\n",
       "compactness_mean           0.596534\n",
       "compactness_worst          0.590998\n",
       "radius_se                  0.567134\n",
       "perimeter_se               0.556141\n",
       "area_se                    0.548236\n",
       "texture_worst              0.456903\n",
       "smoothness_worst           0.421465\n",
       "symmetry_worst             0.416294\n",
       "texture_mean               0.415185\n",
       "concave points_se          0.408042\n",
       "smoothness_mean            0.358560\n",
       "symmetry_mean              0.330499\n",
       "fractal_dimension_worst    0.323872\n",
       "compactness_se             0.292999\n",
       "concavity_se               0.253730\n",
       "fractal_dimension_se       0.077972\n",
       "symmetry_se               -0.006522\n",
       "texture_se                -0.008303\n",
       "fractal_dimension_mean    -0.012838\n",
       "smoothness_se             -0.067016\n",
       "Name: diagnosis, dtype: float64"
      ]
     },
     "execution_count": 85,
     "metadata": {},
     "output_type": "execute_result"
    }
   ],
   "source": [
    "# Hier kan gezien worden welke kolommen de hoogste correlatie hebben met de diagnose \n",
    "# Het spreekt voor zich dat de kolom diagnosis precies een correlatie heeft van 1, \n",
    "# concave points_worst heeft dus de hoogste correlatie\n",
    "corr['diagnosis'].sort_values(ascending = False)"
   ]
  },
  {
   "cell_type": "code",
   "execution_count": 86,
   "metadata": {},
   "outputs": [
    {
     "data": {
      "application/vnd.plotly.v1+json": {
       "config": {
        "plotlyServerURL": "https://plot.ly"
       },
       "data": [
        {
         "coloraxis": "coloraxis",
         "hovertemplate": "x: %{x}<br>y: %{y}<br>color: %{z}<extra></extra>",
         "name": "0",
         "type": "heatmap",
         "x": [
          "diagnosis",
          "radius_mean",
          "texture_mean",
          "perimeter_mean",
          "area_mean",
          "smoothness_mean",
          "compactness_mean",
          "concavity_mean",
          "concave points_mean",
          "symmetry_mean",
          "fractal_dimension_mean",
          "radius_se",
          "texture_se",
          "perimeter_se",
          "area_se",
          "smoothness_se",
          "compactness_se",
          "concavity_se",
          "concave points_se",
          "symmetry_se",
          "fractal_dimension_se",
          "radius_worst",
          "texture_worst",
          "perimeter_worst",
          "area_worst",
          "smoothness_worst",
          "compactness_worst",
          "concavity_worst",
          "concave points_worst",
          "symmetry_worst",
          "fractal_dimension_worst"
         ],
         "xaxis": "x",
         "y": [
          "diagnosis",
          "radius_mean",
          "texture_mean",
          "perimeter_mean",
          "area_mean",
          "smoothness_mean",
          "compactness_mean",
          "concavity_mean",
          "concave points_mean",
          "symmetry_mean",
          "fractal_dimension_mean",
          "radius_se",
          "texture_se",
          "perimeter_se",
          "area_se",
          "smoothness_se",
          "compactness_se",
          "concavity_se",
          "concave points_se",
          "symmetry_se",
          "fractal_dimension_se",
          "radius_worst",
          "texture_worst",
          "perimeter_worst",
          "area_worst",
          "smoothness_worst",
          "compactness_worst",
          "concavity_worst",
          "concave points_worst",
          "symmetry_worst",
          "fractal_dimension_worst"
         ],
         "yaxis": "y",
         "z": [
          [
           1,
           0.730028511375456,
           0.4151852998452047,
           0.7426355297258332,
           0.7089838365853902,
           0.35855996508593324,
           0.5965336775082528,
           0.6963597071719052,
           0.7766138400204369,
           0.33049855426254676,
           -0.012837602698431866,
           0.5671338208247173,
           -0.008303332973877087,
           0.556140703431483,
           0.548235940278024,
           -0.0670160105794875,
           0.29299924424885854,
           0.25372976598083063,
           0.40804233271650503,
           -0.006521755870647808,
           0.07797241739025584,
           0.7764537785950396,
           0.4569028213967983,
           0.782914137173759,
           0.7338250349210503,
           0.4214648610664026,
           0.5909982378417917,
           0.6596102103692333,
           0.7935660171412694,
           0.41629431104861975,
           0.3238721887208247
          ],
          [
           0.730028511375456,
           1,
           0.32378189092773324,
           0.9978552814938106,
           0.9873571700566129,
           0.17058118749299458,
           0.506123577526363,
           0.6767635503908105,
           0.8225285223871784,
           0.14774124199260188,
           -0.31163082630928984,
           0.6790903880020744,
           -0.09731744314481315,
           0.6741716157641049,
           0.7358636632128176,
           -0.22260012458211142,
           0.2059999804076987,
           0.1942036227615088,
           0.3761689559399252,
           -0.10432088141786554,
           -0.04264126911445634,
           0.9695389726112049,
           0.2970076439863734,
           0.9651365139559871,
           0.9410824595860461,
           0.11961613992160791,
           0.4134628230608012,
           0.5269114618385446,
           0.7442141978674655,
           0.16395333493630693,
           0.007065885692182385
          ],
          [
           0.4151852998452047,
           0.32378189092773324,
           1,
           0.3295330586865707,
           0.3210856960802071,
           -0.023388515998423332,
           0.23670222207437197,
           0.30241782794389144,
           0.29346405131394276,
           0.07140098048331764,
           -0.0764371834481342,
           0.2758686761737625,
           0.38635762272449065,
           0.28167311478720264,
           0.2598449866100985,
           0.0066137773535855215,
           0.1919746113239669,
           0.14329307656049867,
           0.16385102528521822,
           0.009127167755035892,
           0.05445751956893386,
           0.35257294715029575,
           0.912044588840421,
           0.3580395750532242,
           0.3435459471864695,
           0.07750335882212907,
           0.2778295924789794,
           0.3010252238164912,
           0.2953158433377365,
           0.10500791031597186,
           0.11920535139708566
          ],
          [
           0.7426355297258332,
           0.9978552814938106,
           0.3295330586865707,
           1,
           0.9865068039913908,
           0.20727816369100724,
           0.5569362108795619,
           0.7161356501174047,
           0.8509770412528194,
           0.18302721211685316,
           -0.2614769080663325,
           0.6917650135334819,
           -0.08676107831179455,
           0.6931348895408653,
           0.7449826941190684,
           -0.20269402629832212,
           0.2507436807405881,
           0.22808234539365824,
           0.407216915998619,
           -0.08162932702839933,
           -0.005523391057003878,
           0.9694763634663146,
           0.3030383715571504,
           0.9703868870426395,
           0.9415498080023067,
           0.1505494043170373,
           0.4557742280383272,
           0.5638792634736619,
           0.7712407893605496,
           0.18911504046245772,
           0.051018529723407056
          ],
          [
           0.7089838365853902,
           0.9873571700566129,
           0.3210856960802071,
           0.9865068039913908,
           1,
           0.1770283772540016,
           0.498501682152412,
           0.6859828285519112,
           0.8232688686524342,
           0.1512930790351123,
           -0.28310981169142607,
           0.7325622269972968,
           -0.06628021360457734,
           0.7266283277906844,
           0.8000859212343204,
           -0.16677666660111282,
           0.2125825507792327,
           0.20766006048256924,
           0.37232028233071046,
           -0.07249658821176244,
           -0.019886963235068052,
           0.9627460860470841,
           0.28748862712139706,
           0.9591195743552647,
           0.9592133256498999,
           0.12352293875557081,
           0.3904103092424987,
           0.512605920443324,
           0.722016626260358,
           0.14356991388907164,
           0.003737597351571732
          ],
          [
           0.35855996508593324,
           0.17058118749299458,
           -0.023388515998423332,
           0.20727816369100724,
           0.1770283772540016,
           1,
           0.6591232152159233,
           0.52198376771426,
           0.5536951727437609,
           0.5577747880728878,
           0.5847920019499776,
           0.30146709825316975,
           0.06840644817118247,
           0.29609193289351476,
           0.2465524316657356,
           0.3323754426475921,
           0.31894329670537874,
           0.24839567988255598,
           0.38067569098328613,
           0.20077437592048314,
           0.28360669854688514,
           0.21312014189594916,
           0.03607179878564651,
           0.23885262620915107,
           0.20671836342857694,
           0.805324195494363,
           0.4724684437304437,
           0.4349257147250876,
           0.503053353298951,
           0.39430948181175646,
           0.4993163685937669
          ],
          [
           0.5965336775082528,
           0.506123577526363,
           0.23670222207437197,
           0.5569362108795619,
           0.498501682152412,
           0.6591232152159233,
           1,
           0.8831206701772507,
           0.831135043133698,
           0.6026410484055157,
           0.5653686634145217,
           0.49747344608506183,
           0.046204830716407,
           0.5489052645888236,
           0.45565285198788846,
           0.1352992677004714,
           0.7387217896603929,
           0.5705168714898889,
           0.642261850971647,
           0.22997659080143223,
           0.5073181269004213,
           0.5353153982176662,
           0.24813283327741725,
           0.5902104277312981,
           0.50960380555792,
           0.5655411663750887,
           0.8658090398022626,
           0.8162752498000282,
           0.8155732235690645,
           0.510223429921806,
           0.6873823227538975
          ],
          [
           0.6963597071719052,
           0.6767635503908105,
           0.30241782794389144,
           0.7161356501174047,
           0.6859828285519112,
           0.52198376771426,
           0.8831206701772507,
           1,
           0.921391026378859,
           0.5006666171419607,
           0.336783359421185,
           0.6319248221414899,
           0.07621834813534022,
           0.6603907872419604,
           0.6174268058452413,
           0.09856374579911731,
           0.6702788246430194,
           0.6912702075448504,
           0.6832599165123261,
           0.1780092079208776,
           0.44930074905033784,
           0.6882364076436723,
           0.29987888870969076,
           0.7295649165132017,
           0.6759872313060873,
           0.44882203840476004,
           0.7549680159063961,
           0.8841026390943817,
           0.8613230336379513,
           0.4094641265399857,
           0.5149298906363857
          ],
          [
           0.7766138400204369,
           0.8225285223871784,
           0.29346405131394276,
           0.8509770412528194,
           0.8232688686524342,
           0.5536951727437609,
           0.831135043133698,
           0.921391026378859,
           1,
           0.46249738836735826,
           0.16691738322699232,
           0.6980498335607401,
           0.021479581923401814,
           0.710649871613898,
           0.6902985397595536,
           0.02765330838713596,
           0.49042424959357145,
           0.43916706847426173,
           0.615634130896919,
           0.09535078688667677,
           0.25758374624303265,
           0.8303176311186159,
           0.2927517130015173,
           0.8559231281343123,
           0.8096296199096182,
           0.4527530541790489,
           0.6674536768257124,
           0.7523994975749643,
           0.910155314298592,
           0.3757441454236113,
           0.36866113371677106
          ],
          [
           0.33049855426254676,
           0.14774124199260188,
           0.07140098048331764,
           0.18302721211685316,
           0.1512930790351123,
           0.5577747880728878,
           0.6026410484055157,
           0.5006666171419607,
           0.46249738836735826,
           1,
           0.47992133005096904,
           0.3033792632072624,
           0.12805292634025606,
           0.31389276079651307,
           0.22397021941762962,
           0.18732116526139078,
           0.4216591470050107,
           0.3426270230777206,
           0.39329787208901684,
           0.4491365423934286,
           0.33178614627312375,
           0.18572775349568738,
           0.09065068811664319,
           0.21916855911105815,
           0.17719337737409682,
           0.4266750263849465,
           0.47320001324461847,
           0.433721007590172,
           0.4302966114579542,
           0.6998257976437307,
           0.4384134984446025
          ],
          [
           -0.012837602698431866,
           -0.31163082630928984,
           -0.0764371834481342,
           -0.2614769080663325,
           -0.28310981169142607,
           0.5847920019499776,
           0.5653686634145217,
           0.336783359421185,
           0.16691738322699232,
           0.47992133005096904,
           1,
           0.00011099507262963461,
           0.1641739658717288,
           0.03982993157204734,
           -0.090170247520427,
           0.40196442544841254,
           0.5598366906211326,
           0.44663032169957156,
           0.3411980443971182,
           0.34500739714372797,
           0.6881315774585518,
           -0.2536914948766098,
           -0.051269202036765375,
           -0.2051512112627734,
           -0.23185445116756032,
           0.5049420753517612,
           0.45879815666785945,
           0.3462338763480677,
           0.17532544924324475,
           0.33401868385108374,
           0.7672967792384361
          ],
          [
           0.5671338208247173,
           0.6790903880020744,
           0.2758686761737625,
           0.6917650135334819,
           0.7325622269972968,
           0.30146709825316975,
           0.49747344608506183,
           0.6319248221414899,
           0.6980498335607401,
           0.3033792632072624,
           0.00011099507262963461,
           1,
           0.213247337251158,
           0.9727936770160764,
           0.951830112110991,
           0.16451421981281159,
           0.3560645755322028,
           0.33235753760761044,
           0.5133464414367648,
           0.240567362450071,
           0.22775353267198015,
           0.715065195135185,
           0.19479855683425132,
           0.7196838036650045,
           0.7515484761266198,
           0.14191855291860658,
           0.2871031656007403,
           0.38058463462872183,
           0.5310623278216047,
           0.09454283035438192,
           0.04955943246457313
          ],
          [
           -0.008303332973877087,
           -0.09731744314481315,
           0.38635762272449065,
           -0.08676107831179455,
           -0.06628021360457734,
           0.06840644817118247,
           0.046204830716407,
           0.07621834813534022,
           0.021479581923401814,
           0.12805292634025606,
           0.1641739658717288,
           0.213247337251158,
           1,
           0.2231707286307139,
           0.11156724721803944,
           0.39724285264120995,
           0.2316996989762372,
           0.19499846445881905,
           0.23028339955703386,
           0.41162068019753933,
           0.2797227477191938,
           -0.11169031312493008,
           0.409002766315306,
           -0.10224192188743281,
           -0.0831949885850464,
           -0.07365765910118512,
           -0.09243935361819376,
           -0.06895622054645596,
           -0.11963752313984616,
           -0.12821475779252947,
           -0.04565456859320706
          ],
          [
